000000000000000000000000000000
011111111111110011111111111110
010000100000010010000001000010
010000100000010010000001000010
010000100000010010000001000010
011111111111111111111111111110
010000100010000000010001000010
010000100010000000010001000010
010000100011110011110001000010
011111100000000000000001111110
000000100000000000000001000000
000000100000000000000001000000
000000100000000000000001000000
000000100000000000000001000000
000000100000000000000001000000
000000100000000000000001000000
000000100000000000000001000000
000000100000000000000001000000
000000100000000000000001000000
011111100000000000000001111110
010000111111110011111111000010
010000100000010010000001000010
010000100000010010000001000010
010000100000010010000001000010
011111111111111111111111111110
010000000010000000010000000010
010000000010000000010000000010
011111111111111111111111111110
000000000000000000000000000000
